date time geolat geolong corrected_ram corrected_cross_track geo_east geo_north geo_east_cross_track_only geo_north_cross_track_only liam_geo_east liam_geo_north liam_geo_east_cross_track_only liam_geo_north_cross_track_only
  27.7591 351.5910 -30.3979 -77.4340 -83.1520 -2.4064 -72.8673 26.1987 81.7220 -15.5424 76.0964 14.3304
  28.2260 351.4580 -16.5643 -76.0488 -77.0998 10.6493 -71.3933 26.1995 77.8035 -2.0996 74.7162 14.1744
  28.4593 351.3910 -9.6474 -76.4128 -75.0009 17.5172 -71.6472 26.5629 76.8739 4.7329 75.0795 14.2120
  28.6926 351.3240 -2.7072 -76.6085 -72.6908 24.3358 -71.7412 26.8710 75.7377 11.8321 75.2256 14.4905
  28.9259 351.2560 1.1635 -77.3124 -71.8969 28.4498 -72.3087 27.3616 75.7020 15.7405 75.9217 14.5979
  29.1591 351.1880 -0.6100 -77.6925 -72.7883 27.1726 -72.5705 27.7423 76.4149 14.0446 76.3000 14.6437
  29.3922 351.1200 -2.3834 -77.4082 -73.0689 25.6641 -72.2102 27.8875 76.4752 12.2170 76.0270 14.5579
  29.6253 351.0520 -4.1634 -77.1310 -73.3689 24.1561 -71.8557 28.0348 76.5026 10.6712 75.7060 14.7576
  29.8582 350.9830 -5.9369 -79.8708 -76.4842 23.7646 -74.3072 29.2879 79.5353 9.4198 78.4019 15.2475
  30.0911 350.9140 -6.6861 -86.2925 -82.6443 25.7103 -80.1709 31.9221 85.9488 10.1936 84.6507 16.7525
  30.3238 350.8440 -6.9913 -81.9945 -78.6801 24.1126 -76.0711 30.5989 82.2656 -2.0839 81.8483 4.8950
  30.5586 350.8110 -7.2980 -73.0034 -70.3796 20.7235 -67.6321 27.4845 73.2568 4.0247 72.1336 11.2357
  30.7921 350.7520 -7.6032 -66.6920 -64.5827 18.2949 -61.6951 25.3284 67.0684 2.7313 65.9005 10.2443
  31.0255 350.6930 -7.7692 -71.6171 -69.1296 20.2599 -66.1533 27.4364 71.9498 3.5499 70.7323 11.2231
  31.2590 350.6330 -5.1711 -75.5631 -71.6915 24.4306 -69.6933 29.2000 75.4420 6.7104 74.6332 11.8178
  31.4924 350.5730 -2.5816 -69.5473 -65.0529 24.7308 -64.0467 27.1082 69.1000 8.2872 68.6977 10.8373
  31.9592 350.4530 2.5974 -59.6645 -53.7434 26.0431 -54.7733 23.6587 58.4948 12.0398 58.9073 9.4754
  32.1925 350.3920 3.9125 -56.1756 -49.9229 26.0520 -51.4876 22.4660 54.8465 12.7621 55.4662 8.8991
  32.4258 350.3310 3.2833 -59.6605 -53.2681 27.0677 -54.5924 24.0633 58.3913 12.6733 58.9103 9.4313
  32.6590 350.2700 2.6542 -57.7022 -51.6332 25.8959 -52.7128 23.4712 56.5428 11.8111 56.9655 9.1908
  33.1252 350.1470 1.3935 -51.8769 -46.6538 22.7282 -47.2303 21.4595 50.8782 10.2255 51.1160 8.8524
  33.3584 350.0820 0.3926 -46.9668 -42.5218 19.9483 -42.6856 19.5915 46.0649 9.1685 46.1383 8.7828
  33.5919 350.0120 -0.7328 -47.8504 -43.7197 19.4623 -43.4115 20.1271 47.1189 8.3667 46.9798 9.0862
  33.8254 349.9410 -1.8623 -46.4252 -42.8325 18.0039 -42.0426 19.6904 45.9161 7.1044 45.5578 8.9320
  34.9929 349.5800 0.2645 -39.5050 -35.3221 17.6935 -35.4390 17.4562 38.7067 7.9059 38.7579 7.6464
  35.2263 349.5070 1.6392 -35.5796 -31.1243 17.3170 -31.8545 15.8494 34.5647 8.5951 34.8867 6.9878
  35.4596 349.4330 2.3243 -31.9885 -27.5380 16.4416 -28.5818 14.3648 30.9138 8.5443 31.3690 6.2650
  35.6929 349.3590 2.1544 -28.2367 -24.2028 14.7030 -25.1780 12.7820 27.2466 7.7186 27.6744 5.6072
  35.9262 349.2840 1.9854 -22.8232 -19.4028 12.1807 -20.3087 10.4141 21.9771 6.4691 22.3705 4.5231
  36.1593 349.2090 1.8164 -22.5975 -19.2301 12.0061 -20.0655 10.3932 21.7721 6.3185 22.1369 4.5391
  36.3924 349.1330 1.6465 -21.0412 -17.8805 11.2130 -18.6437 9.7541 20.2841 5.8309 20.6141 4.2178
  36.6253 349.0570 -1.3368 -21.3313 -19.4844 8.7847 -18.8598 9.9666 21.1680 2.9538 20.9009 4.2636
  36.8582 348.9810 -5.0205 -19.0400 -19.1610 4.5367 -16.7969 8.9657 19.6256 -1.6007 18.7444 3.3419
  37.0925 348.9120 -8.7042 -16.0592 -18.2663 -0.0401 -14.1354 7.6215 17.3738 -5.6401 15.7917 2.9191
  37.3264 348.8410 -12.4010 -13.7514 -18.0078 -4.3134 -12.0765 6.5771 15.7711 -9.7036 13.5237 2.4921
  37.5603 348.7700 -13.9923 -13.0307 -18.1615 -5.9789 -11.4172 6.2808 15.3460 -11.4054 12.8159 2.3563
  37.7940 348.6990 -3.5159 -10.9607 -11.2887 2.2506 -9.5809 5.3239 11.4217 -1.4294 10.7718 2.0260
  38.2613 348.5540 17.4726 -9.8253 0.0701 20.0455 -8.5472 4.8457 6.4148 18.9915 9.6548 1.8220
  38.7282 348.4080 26.6393 -6.3605 7.8321 26.2444 -5.5058 3.1846 1.2432 27.3599 6.2473 1.1948
  38.9615 348.3340 13.4164 -7.3332 0.4360 15.2835 -6.3318 3.6992 4.6423 14.5680 7.1988 1.3974
  39.1946 348.2590 0.2390 -7.1852 -6.0666 3.8574 -6.1881 3.6516 7.0139 1.5776 7.0586 1.3428
  39.4276 348.1850 -12.9383 -4.0083 -10.0673 -9.0617 -3.4431 2.0522 6.4037 -11.9356 3.9347 0.7649
  39.8932 348.0340 -25.2109 -0.6079 -13.6176 -21.2255 -0.5194 0.3158 5.4615 -24.6197 0.5965 0.1173
  40.3581 347.8810 -18.4112 3.6167 -6.6315 -17.5521 3.0735 -1.9065 0.0192 -18.7631 -3.5482 -0.7008
  40.5903 347.8040 -15.0113 3.1904 -5.2662 -14.4148 2.7036 -1.6939 -0.1251 -15.3461 -3.1260 -0.6378
  40.8106 347.7280 -11.6729 6.4565 -0.7827 -13.3165 5.4567 -3.4512 -4.0326 -12.7154 -6.3302 -1.2708
  41.0375 347.6510 -8.6382 6.7397 1.0306 -10.9078 5.6802 -3.6277 -4.8706 -9.8143 -6.6028 -1.3515
  41.4913 347.4940 -2.5589 5.7846 3.4509 -5.3010 4.8473 -3.1567 -5.1632 -3.6539 -5.6700 -1.1457
  41.7181 347.4160 0.4758 -2.2780 -1.6419 1.6491 -1.9033 1.2516 2.1334 0.9295 2.2303 0.4637
  41.9449 347.3360 2.3472 -8.5335 -5.8104 6.6760 -7.1089 4.7206 7.8795 4.0303 8.3559 1.7319
  42.1716 347.2560 3.2665 -6.2638 -3.3833 6.2015 -5.2025 3.4885 5.4611 4.4813 6.1308 1.2842
  42.6249 347.0940 5.1077 4.5509 6.6396 1.6477 3.7567 -2.5686 -5.5101 4.0543 -4.4522 -0.9426
  42.8514 347.0120 6.0268 10.6479 12.1865 -1.0903 8.7622 -6.0498 -11.6629 3.6984 -10.4185 -2.1985
  43.0778 346.9300 4.6520 10.7071 11.4437 -2.3077 8.7831 -6.1237 -11.4423 2.3142 -10.4712 -2.2352
  43.3042 346.8470 3.0074 6.2539 6.8450 -1.1412 5.1137 -3.6003 -6.7480 1.6187 -6.1129 -1.3208
  43.5304 346.7630 1.3688 3.1278 3.3423 -0.6968 2.5492 -1.8123 -3.3458 0.6796 -3.0577 -0.6585
  43.7565 346.6790 -0.2698 -1.1698 -1.1076 0.4630 -0.9503 0.6822 1.2004 -0.0147 1.1430 0.2490
  43.9825 346.5940 -1.7880 -3.1376 -3.5898 0.3940 -2.5403 1.8416 3.4455 -1.0816 3.0662 0.6657
  44.2084 346.5090 -2.9442 -7.2598 -7.5970 1.9128 -5.8578 4.2884 7.7368 -1.2306 7.0727 1.6377
  44.4595 346.4110 -4.0962 -18.7545 -17.5118 7.8643 -15.0751 11.1568 19.1964 0.0910 18.3034 4.0886
  44.6932 346.3210 -5.2481 -36.4530 -32.3383 17.6238 -29.1958 21.8271 36.7142 2.9032 35.5592 8.0226
  44.9268 346.2300 -6.4044 -34.3519 -31.2723 15.5920 -27.4126 20.7026 34.9149 1.4208 33.4861 7.6638
  45.3938 346.0450 3.4285 -31.3920 -22.7715 21.8786 -24.8645 19.1629 29.8341 10.3509 30.5996 7.0089
  45.6272 345.9520 9.8719 -10.0987 -1.9039 13.9934 -7.9684 6.2039 7.5818 11.9145 9.8327 2.3026
  45.8605 345.8570 16.3371 -10.3352 1.9762 19.2304 -8.1236 6.3893 6.3531 18.2580 10.0649 2.3482
  46.0937 345.7620 22.7804 -1.5548 12.9542 18.8030 -1.2173 0.9672 -3.6405 22.5413 1.5145 0.3518
  46.3269 345.6670 17.1383 -2.6393 8.6698 15.0173 -2.0583 1.6521 -1.3913 17.2844 2.5679 0.6097
  46.5599 345.5700 10.8393 -2.3913 4.9697 9.9252 -1.8574 1.5062 -0.1988 11.0982 2.3256 0.5569
  46.7928 345.4720 4.5183 0.1895 3.0100 3.3751 0.1466 -0.1201 -1.2332 4.3509 -0.1844 -0.0440
  47.0255 345.3740 -1.7806 9.4771 6.1656 -7.4142 7.3009 -6.0425 -8.8252 -3.8861 -9.2295 -2.1520
  47.2568 345.2780 -4.3060 20.8441 13.2292 -16.6735 15.9912 -13.3700 -19.4923 -8.5481 -20.3881 -4.3363
  47.4838 345.1900 2.0384 30.8843 24.9113 -18.3691 23.5962 -19.9265 -30.6369 -4.4016 -30.2148 -6.3958
  47.7109 345.1020 8.3614 41.0343 36.6460 -20.2682 31.2198 -26.6297 -41.8745 -0.5043 -40.1065 -8.6766
  48.1648 344.9220 21.0074 57.6639 57.2894 -22.0084 43.4985 -37.8552 -60.8136 8.2550 -56.3431 -12.2712
  48.3918 344.8310 22.8541 76.4218 72.4866 -33.2912 57.3976 -50.4561 -79.5303 6.1266 -74.6834 -16.2076
  48.6186 344.7400 22.2521 72.8027 69.2133 -31.7003 54.4384 -48.3394 -75.9062 5.7968 -71.0412 -15.9169
  49.7518 344.2680 8.8770 74.9864 60.8579 -44.6999 54.7982 -51.1870 -75.0790 -8.0563 -73.1008 -16.7101
  49.9782 344.1710 3.0734 75.6294 57.1144 -49.6709 55.0050 -51.9062 -74.3931 -13.9613 -73.7040 -16.9565
  50.4305 343.9750 -2.1809 90.5141 63.6803 -64.3612 65.1933 -62.7904 -87.6321 -22.7632 -88.1295 -20.6397
  50.6565 343.8750 10.2231 99.5024 78.4422 -62.0650 71.3128 -69.3918 -99.1149 -13.4709 -96.7100 -23.4071
  50.8924 343.7680 22.6694 106.8740 92.0917 -58.7805 76.1954 -74.9426 -109.2128 -2.9172 -103.9185 -24.9597
  51.1263 343.6620 35.0734 110.1260 102.8280 -52.7660 78.1005 -77.6399 -115.3097 7.8444 -106.9589 -26.2203
  51.5939 343.4450 51.5424 112.2240 115.4640 -43.8042 78.7366 -79.9667 -121.3167 23.0888 -108.9410 -26.9458
  51.8276 343.3350 51.9936 110.9090 114.6330 -43.1675 77.3881 -79.4468 -120.1813 23.6768 -107.6276 -26.7786
  52.0612 343.2240 52.4436 116.0200 118.2690 -47.1531 80.5058 -83.5434 -125.2805 22.7102 -112.5495 -28.1646
  52.2947 343.1120 52.8935 122.2930 122.6670 -52.0212 84.3815 -88.5174 -131.5558 21.1270 -118.5219 -30.1354
  52.5281 342.9980 53.6034 127.0600 126.1700 -55.6658 87.1714 -92.4412 -136.3267 20.7991 -123.1782 -31.1667
  52.7614 342.8840 59.0716 127.9770 130.4900 -53.2907 87.2941 -93.5838 -138.6542 25.3491 -123.9471 -31.8624
  52.9945 342.7680 64.5397 133.9000 138.2340 -54.6449 90.8003 -98.4105 -145.7845 29.0076 -129.6463 -33.4819
  53.2276 342.6510 70.0079 142.8250 147.9890 -58.3036 96.2784 -105.4960 -155.9141 31.4779 -138.1510 -36.2390
  53.4604 342.5320 75.4945 162.1030 164.6580 -69.7453 108.6180 -120.3310 -175.9104 32.1297 -156.8532 -40.9199
  53.6932 342.4130 84.1958 185.2180 186.1600 -82.0939 123.3520 -138.1670 -200.6010 33.9684 -179.0445 -47.4211
  53.9257 342.2920 97.7747 209.0550 211.6620 -91.9941 138.3690 -156.7090 -227.2361 40.3424 -201.9330 -54.1014
  54.3903 342.0460 124.9790 249.7770 257.8420 -107.3560 163.2530 -189.0420 -274.2199 53.0242 -240.5312 -67.3286
  54.8404 341.7950 143.2130 294.1760 299.2630 -132.2550 189.8760 -224.6920 -321.9441 58.3214 -283.2145 -79.5552
  55.0679 341.6670 144.8860 361.3740 342.9170 -184.3680 231.7460 -277.2820 -387.1355 41.3411 -347.8027 -98.1037
  55.2952 341.5380 146.5540 422.9120 382.4000 -232.6010 269.4390 -325.9710 -446.8427 25.7703 -406.9086 -115.2380
  55.5223 341.4080 148.2210 507.8330 436.1630 -299.3760 321.4040 -393.1840 -529.0156 2.4757 -488.1534 -140.0014
  55.7492 341.2760 148.3820 582.5570 481.6220 -359.7640 366.2280 -453.0450 -600.8263 -19.9332 -559.4539 -162.4307
  55.9759 341.1420 134.3360 643.4130 506.6740 -418.6970 401.7430 -502.5760 -655.3048 -51.0079 -617.7271 -179.9810
  56.2024 341.0070 120.3390 716.9610 539.0010 -487.8440 444.5930 -562.4670 -721.9233 -85.6795 -688.1554 -201.1836
  56.4287 340.8710 106.3420 800.4140 576.6800 -565.1650 492.8930 -630.6500 -797.4979 -126.3576 -767.1685 -228.2827
  56.8805 340.5930 83.3485 789.4470 545.5080 -576.7110 479.2770 -627.3120 -779.6127 -149.5752 -755.4005 -229.3292
  57.5562 340.1640 75.0070 755.5030 509.0350 -563.2890 448.6880 -607.8350 -743.7480 -152.4715 -721.4989 -224.1025
  58.0052 339.8690 61.0457 747.2570 486.6390 -570.3530 437.1280 -606.0630 -736.8598 -138.3964 -720.7437 -197.2762
  58.6590 339.4780 21.2213 805.2630 477.8580 -648.4990 460.4480 -660.6340 -777.9608 -208.9861 -771.9173 -229.3287
  58.8794 339.3350 12.9938 853.2980 494.7800 -695.3270 484.0800 -702.6990 -821.0123 -232.8613 -817.2769 -245.3066
  59.0996 339.1900 33.7883 879.8200 523.0810 -708.2450 495.1510 -727.2610 -851.2025 -225.1051 -841.3168 -257.4147
  59.7593 338.7430 96.2428 929.9090 591.0520 -724.3280 510.6160 -777.1750 -916.3800 -185.0333 -887.7207 -276.9097
  60.1981 338.4360 128.5940 973.3940 633.7540 -749.9260 525.5110 -819.3500 -966.6753 -171.9498 -927.7671 -294.5160
  60.6360 338.1210 157.7850 997.3600 662.9090 -761.6920 529.1640 -845.4070 -997.5306 -156.6988 -948.9891 -306.8314
  60.8571 337.9580 172.4300 1085.8600 717.6420 -832.9550 570.9750 -923.6230 -1085.9229 -171.9896 -1032.5742 -335.9580
  61.5410 337.4460 96.1746 1205.3800 698.6330 -986.9610 615.9640 -1036.1100 -1174.2483 -288.6679 -1143.9338 -379.9398
  61.7687 337.2700 68.5374 1354.9800 744.7800 -1134.0100 685.6650 -1168.6900 -1306.1322 -366.9932 -1284.2831 -431.9546
  61.9961 337.0910 53.0833 1453.5300 774.2000 -1231.3300 728.2600 -1257.9300 -1393.9025 -415.4512 -1376.8937 -465.7357
  62.2233 336.9100 86.1904 1527.4500 832.4630 -1283.5700 757.6220 -1326.3200 -1473.1004 -412.9209 -1445.1986 -494.4700
  62.4503 336.7260 119.2980 1586.5800 882.8780 -1323.6300 778.9480 -1382.2000 -1538.3354 -406.1869 -1499.3166 -518.9234
  62.6770 336.5390 152.5180 1631.3700 925.9810 -1351.7400 792.6770 -1425.8500 -1590.9339 -391.8601 -1540.8310 -535.9135
  62.9035 336.3500 185.6250 1732.6600 995.8460 -1429.9900 833.0850 -1519.2400 -1695.4191 -402.6358 -1633.5347 -577.6412
  63.1297 336.1570 200.6460 1804.3600 1034.8400 -1491.6700 858.3560 -1587.1200 -1767.3967 -415.0618 -1700.2174 -604.1270
  63.3556 335.9620 200.8600 1876.0700 1060.0900 -1560.8300 882.8620 -1655.3500 -1832.8347 -447.9877 -1764.6436 -636.9179
  63.5812 335.7630 201.0730 1876.9400 1051.5900 -1567.6300 873.6300 -1661.2200 -1831.6152 -456.6062 -1762.4730 -645.4165
  64.0315 335.3560 201.4990 1878.6800 1034.4700 -1581.1100 855.0470 -1672.8200 -1833.9855 -454.4299 -1764.9419 -643.7298
  64.4776 334.9480 159.6740 1880.4200 979.4440 -1613.1200 836.4370 -1684.1400 -1821.4913 -493.5959 -1766.8385 -643.6252
  64.6994 334.7430 137.6530 1881.2800 950.7440 -1629.1900 827.1090 -1689.7100 -1809.9844 -531.0185 -1761.6980 -659.9217
  65.5839 333.8880 151.4230 1639.9900 824.3940 -1425.7900 686.8920 -1489.2100 -1585.5115 -445.6929 -1531.3054 -587.0808
  65.8043 333.6660 174.7670 1283.6500 690.0360 -1096.4200 530.9180 -1168.7100 -1257.5587 -311.0735 -1193.0909 -473.5110
  66.6825 332.7340 151.9600 811.2150 458.1850 -686.4600 318.4220 -746.1080 -807.3701 -171.1050 -749.0342 -311.4170
  67.5543 331.7350 96.0627 583.5540 305.8630 -506.1730 216.6670 -541.8400 -574.2495 -141.4196 -536.4329 -229.7254
  67.7711 331.4740 89.8191 465.7250 254.0250 -400.5470 170.4370 -433.4170 -462.3839 -105.6626 -426.1553 -187.8504
  68.2027 330.9330 78.2763 434.5390 227.5620 -378.3740 154.3930 -406.1860 -428.5176 -106.4102 -396.4837 -177.8314
  68.4180 330.6550 75.2178 363.0420 197.5110 -313.7620 127.0490 -340.0850 -361.6878 -81.4772 -330.6145 -149.9764
  68.6329 330.3720 72.1701 275.8230 162.8000 -234.0580 95.0507 -258.9280 -280.7216 -49.8182 -250.5342 -115.3714
  68.8473 330.0830 69.1225 258.9310 152.8660 -220.1260 87.8429 -243.5760 -263.9126 -46.6151 -234.7400 -109.2797
  69.0612 329.7890 66.0640 286.1360 157.8110 -247.6570 95.5385 -269.7150 -286.9647 -62.3625 -258.7718 -122.1086
  69.2747 329.4890 49.6581 275.0170 137.2530 -243.4380 90.3509 -259.7520 -268.8859 -76.1131 -247.0868 -120.7280
  70.1227 328.2280 -44.8836 247.2880 33.2169 -249.1240 75.9322 -235.3420 -200.3020 -151.8044 -220.5881 -111.7669
  70.3332 327.8960 -60.8555 91.5776 -30.3915 -105.6700 27.6284 -87.3105 -52.8408 -96.4171 -81.0994 -42.5246
  71.1683 326.5010 -114.2150 -50.3534 -123.7500 16.3247 -14.1124 48.3353 96.1808 -79.5593 45.0189 22.5555
  71.3640 326.1790 -99.6447 -235.0850 -160.4960 198.5840 -64.6988 226.0070 254.2139 23.8488 206.9279 111.5587
  71.5670 325.8180 -85.1240 -276.5620 -156.6240 243.3140 -74.6610 266.2940 283.5340 57.7962 242.7476 132.5123
  71.7694 325.4500 -70.6032 -294.7260 -146.1030 265.5220 -78.0179 284.2120 291.8891 81.5362 257.5753 143.2397
  71.9710 325.0730 -56.0825 -335.1670 -141.1280 309.1350 -86.9666 323.6870 319.4577 115.8787 291.8954 164.7207
  72.1719 324.6880 -57.7140 -440.8180 -167.8910 411.6600 -112.0730 426.3330 409.3250 173.4103 380.1058 223.1755
  72.9674 323.0620 -91.9878 -517.4700 -210.2290 481.7060 -120.7820 503.1770 489.5942 191.1314 441.6612 269.6431
  73.1641 322.6330 -98.1147 -494.3310 -208.3470 458.8910 -112.8220 481.2840 471.4564 178.0880 419.5805 261.3663
  73.3598 322.1930 -104.2420 -426.3690 -196.7250 392.3720 -95.1104 415.6250 416.1239 139.6257 360.4420 227.7493
  73.5546 321.7440 -110.3900 -397.0560 -194.2660 363.4560 -86.5289 387.5130 394.1029 120.4989 334.7285 213.5605
  73.7506 321.2830 -116.5170 -448.9610 -209.3610 413.8960 -95.5116 438.6840 441.8340 141.1445 379.6336 239.6692
  73.9525 320.8080 -127.6980 -519.2670 -232.6120 481.4950 -107.6900 507.9780 505.9365 173.1150 436.9395 280.5671
  74.1533 320.3220 -146.5040 -526.1490 -249.7940 485.6940 -106.3120 515.2970 516.1903 177.8814 433.0822 298.4714
  75.3337 317.1310 -84.3895 -514.4870 -170.8940 492.5580 -87.7404 506.9500 463.9766 237.7773 413.8405 305.6581
  75.5259 316.5500 -39.5896 -516.4730 -124.4610 502.8140 -85.4161 509.3610 433.0026 284.1817 408.8168 315.5190
  76.0932 314.7140 42.6947 -538.0230 -38.5572 538.3360 -80.7681 531.9260 391.7809 371.2022 418.6016 337.9841
  76.2790 314.0690 62.6006 -564.0420 -19.9091 567.1560 -81.8471 558.0720 392.7039 409.6416 432.8367 361.6029
  76.6454 312.7280 85.9841 -558.9950 9.6115 565.4880 -75.5830 553.8620 363.7962 433.0252 420.4557 368.3511
  76.8189 312.0490 69.2456 -559.2760 -4.3423 563.5290 -72.9955 554.4910 370.0983 424.9719 416.3330 373.4245
  76.9920 311.3470 52.5070 -535.9300 -15.3469 538.2770 -67.4366 531.6700 359.1366 401.2337 394.6587 362.5675
  77.1632 310.6270 35.7106 -521.6120 -27.7674 522.0950 -63.2148 517.7670 355.1290 383.7022 379.6187 357.7127
  77.3324 309.8880 18.9720 -519.9000 -41.7786 518.5660 -60.6212 516.3540 357.9911 377.4307 371.2697 363.8825
  77.6645 308.3510 -18.2986 -529.3890 -75.1456 524.3480 -56.9532 526.3170 380.8041 368.1364 367.6400 380.8441
  77.9875 306.7310 -55.9249 -544.7280 -109.4690 536.5380 -53.8176 542.0630 410.7708 362.0893 369.6999 400.0448
  78.1454 305.8880 -71.5700 -557.2220 -123.9070 547.9650 -52.6570 554.7290 425.5464 366.7593 372.2978 414.5775
  78.3007 305.0240 -68.9353 -581.1230 -121.1110 572.5280 -52.4570 578.7510 427.0028 399.9306 374.2943 444.3310
  78.7502 302.2920 -61.0574 -587.5030 -106.7030 580.9500 -45.8321 585.7130 404.2515 430.4112 355.6785 467.3757
  79.1724 299.3450 -85.7025 -582.8840 -124.2630 575.8970 -38.7498 581.5950 436.0621 396.1344 369.8228 450.5101
  79.3271 298.3180 -96.0803 -582.1550 -132.1350 575.0440 -36.2410 581.0260 416.7056 417.5860 338.5640 473.4634
  79.6032 296.1730 -89.2796 -605.9380 -122.2920 600.1470 -33.1459 605.0310 407.8125 456.8192 333.2692 505.9235
  79.8644 293.9150 -44.9443 -638.9030 -75.2763 636.0420 -30.3829 638.1800 373.5648 520.2173 335.3102 543.8050
  79.9890 292.7430 -22.8145 -651.9740 -51.5729 650.3310 -28.7806 651.3390 350.4428 550.2149 330.7841 561.7900
  80.1094 291.5430 -4.1809 -658.7610 -31.0862 658.0400 -26.9087 658.2110 312.7097 579.4403 309.0198 581.4015
  80.4438 287.7690 9.6006 -655.3530 -11.1716 655.3280 -20.7674 655.0240 265.8631 598.8969 274.5778 594.8744
  80.6428 285.1120 20.8231 -670.0390 3.2357 670.3550 -17.5802 669.8090 216.4859 633.6319 235.9497 626.2992
  80.9776 279.4850 54.2062 -671.8830 42.7341 672.7100 -11.4642 671.7850 81.1572 669.1124 134.2660 658.2801
  81.0226 278.0580 42.0484 -681.8390 31.2507 682.4190 -10.7924 681.7530 115.5001 673.0783 156.4134 663.4324
  81.1298 275.0940 13.1970 -686.3860 4.3483 686.5000 -8.8475 686.3290 118.3201 676.1822 131.2724 673.6582
  81.1745 273.5860 -1.2787 -691.2500 -9.3417 691.1880 -8.0631 691.2030 115.7263 681.4361 114.4654 681.6478
  81.2132 272.0640 -8.8668 -698.7230 -16.2763 698.5890 -7.4100 698.6830 105.9041 690.6468 97.1242 691.8793
  81.2457 270.5290 3.9644 -699.2340 -2.8282 699.2390 -6.7924 699.2010 65.0738 695.9650 69.0174 695.5737
  81.2919 267.4290 29.6704 -701.7170 23.7430 701.9430 -5.9264 701.6920 11.4560 702.1882 41.0729 700.4516
  81.3056 265.8680 42.5016 -715.7610 36.7231 716.0810 -5.7771 715.7380 -20.1427 716.6749 22.3344 715.3487
  81.3129 264.3040 50.3069 -737.3240 56.1089 -736.9050 5.8036 -737.3010 -57.5270 736.5310 -7.2405 737.0250
  81.3083 261.1720 59.1734 -745.7910 65.1354 -745.2940 5.9639 -745.7670 -86.5400 743.0457 -27.4119 745.2207
  81.2997 259.6090 63.5993 -741.3380 69.7011 -740.7890 6.1040 -741.3130 -80.6573 739.6097 -17.0806 741.0751
  81.2943 258.0440 68.0252 -739.8930 74.2232 -739.2970 6.2004 -739.8670 -114.8861 733.8116 -47.0225 738.1349
  81.2645 254.9260 64.1166 -753.4810 71.0437 -752.8590 6.9298 -753.4490 -142.1650 742.6531 -78.4021 749.3247
  81.2401 253.3760 61.9975 -772.8750 69.6197 -772.2260 7.6253 -772.8380 -162.6648 758.0342 -101.2065 766.1527
  81.2094 251.8360 59.8783 -788.8760 68.3213 -788.1890 8.4464 -788.8300 -183.3151 769.5453 -124.1886 778.9717
  81.1725 250.3080 59.3135 -805.5980 68.7500 -804.8480 9.4406 -805.5430 -216.1241 778.0525 -157.9823 789.6842
  81.0805 247.2940 65.5237 -816.9400 77.1523 -815.9240 11.6353 -816.8570 -255.3317 778.7059 -191.6418 794.0768
  81.0255 245.8120 68.6391 -836.1660 81.8002 -834.9810 13.1696 -836.0620 -283.4762 789.5674 -217.1987 807.3968
  80.9646 244.3490 71.7442 -858.0110 86.6779 -856.6320 14.9446 -857.8810 -312.1437 802.3618 -243.3513 822.7100
  80.8981 242.9060 72.9965 -903.1830 90.3617 -901.6110 17.3787 -903.0160 -367.3337 827.7012 -298.4880 851.8254
  80.6655 238.7140 73.7542 -952.2950 98.1227 -950.0930 24.3926 -951.9820 -426.0404 854.7953 -357.6919 882.4981
  80.5775 237.3650 74.0066 -1007.9500 102.2270 -1005.4800 28.2494 -1007.5500 -495.1418 880.9928 -428.1487 912.4287
  80.4777 236.0560 90.1955 -1046.9600 122.3590 -1043.6900 32.2065 -1046.4700 -541.1336 900.7237 -460.1214 940.3631
  80.3744 234.7700 106.4400 -1066.7700 142.2140 -1062.6000 35.8344 -1066.1700 -584.7541 898.4761 -490.2256 947.3897
  80.2664 233.5120 122.6280 -1070.7500 161.6810 -1065.5600 39.1346 -1070.0400 -620.2457 881.3127 -512.5899 940.0172
  80.1539 232.2820 138.8170 -1092.7100 182.0110 -1086.3500 43.3027 -1091.8500 -680.9953 865.1303 -562.0195 936.5288
  79.7909 228.7590 97.3966 -1131.6300 153.3670 -1125.4100 56.0898 -1130.2400 -702.5895 892.3705 -621.1839 945.8343
  79.6619 227.6410 75.2779 -1184.8200 138.0810 -1179.1500 62.9089 -1183.1500 -730.9853 935.4175 -668.8532 977.9133
  79.5292 226.5500 53.0828 -1217.8500 122.0830 -1212.8800 69.0858 -1215.8900 -750.0368 960.8858 -706.8116 991.6938
  79.3928 225.4870 35.7398 -1229.3800 109.9990 -1224.9700 74.3250 -1227.1400 -768.4919 960.0116 -739.9577 981.5233
  79.1098 223.4410 5.1272 -1237.5900 89.5092 -1234.3600 84.3940 -1234.7100 -782.9933 958.2110 -779.0102 961.4384
  78.8140 221.5010 -22.5847 -1252.0300 72.9727 -1250.1000 95.4916 -1248.3800 -802.5003 961.0974 -819.5704 946.3136
  78.5065 219.6620 69.5943 -1270.3200 176.8880 -1259.8700 107.5440 -1265.7600 -890.4828 908.5686 -838.1913 954.4888
  78.3447 218.7270 115.8420 -1252.2400 226.9180 -1236.9400 111.5360 -1247.2600 -946.8192 827.2380 -862.9087 907.0638
  77.8492 216.1520 163.4430 -1269.9600 292.8310 -1246.5000 130.2490 -1263.2700 -1017.0740 777.8155 -902.0289 893.9060
  77.6789 215.3390 144.7530 -1285.5300 281.7150 -1262.6100 137.7960 -1278.1200 -1025.7728 788.1993 -925.2883 892.3884
  77.5064 214.5480 126.0630 -1389.3100 280.7050 -1366.4900 155.4330 -1380.5900 -1105.1305 851.1462 -1019.5053 943.6539
  77.1546 213.0300 121.0770 -1482.2000 300.1560 -1456.5300 179.9750 -1471.2300 -1187.9252 894.6113 -1107.4569 985.0765
  76.9756 212.3020 145.7150 -1543.0900 339.4030 -1512.3400 194.8540 -1530.7400 -1271.3079 886.2443 -1177.1227 997.4008
  76.4272 210.2320 215.1960 -1540.4900 430.4190 -1494.7100 217.3770 -1525.0700 -1338.2900 792.5431 -1204.0804 960.7450
  76.0529 208.9430 173.8090 -1502.2700 398.9650 -1458.7200 227.1540 -1485.0000 -1295.3201 780.4556 -1189.1060 918.0322
  75.8633 208.3230 153.0450 -1501.4000 385.8490 -1459.0200 234.6850 -1482.9500 -1290.6055 782.2443 -1198.4152 904.4046
  75.6723 207.7200 132.3520 -1500.5300 372.8740 -1459.4800 242.2590 -1480.8500 -1198.1598 912.9455 -1109.0069 1010.7637
  75.5191 207.1420 125.1470 -1548.1400 379.7380 -1506.0600 256.3180 -1526.7800 -1303.4980 844.5347 -1227.2090 943.7386
  75.3371 206.5690 134.4160 -1303.3400 354.6030 -1261.3600 222.1540 -1284.2700 -1134.2250 655.3508 -1055.4118 764.1975
  74.4065 203.9040 108.4830 -1011.0000 303.8620 -970.3410 197.4690 -991.5300 -897.7823 477.2954 -836.9309 567.1003
  74.0257 202.9220 46.6705 -638.3980 176.8320 -615.1920 131.1570 -624.7800 -558.7438 312.2972 -533.0641 351.2672
  73.8336 202.4480 24.7009 -559.0780 141.8570 -541.3460 117.7090 -546.5470 -482.8312 282.9276 -469.4147 303.6670
  73.6404 201.9850 53.6021 -523.8170 165.3050 -499.9320 112.9650 -511.4920 -470.8761 235.6469 -442.1326 280.8903
  73.4463 201.5330 82.5033 -504.6660 191.8920 -473.9960 111.4240 -492.2120 -475.4072 188.2903 -433.0516 259.0860
  72.8316 200.2150 150.1030 -343.0950 227.1320 -297.7510 81.3051 -333.3220 -372.5908 37.5180 -298.9556 168.3102
  72.1998 198.9810 121.1580 -164.9150 159.0080 -128.8120 41.8078 -159.5270 -202.6853 -28.1651 -145.0748 78.4169
  71.7744 198.2040 125.7790 -58.7223 136.8340 -23.3505 15.5369 -56.6296 -110.6766 -83.7805 -51.9212 27.4311
  71.5605 197.8280 144.3570 -87.7341 162.6900 -45.4774 23.6996 -84.4725 -144.3992 -87.6632 -77.8568 40.4417
  71.3460 197.4610 162.8720 -103.4740 185.0860 -54.5638 28.5258 -99.4643 -165.9838 -98.3990 -92.2671 46.8329
  70.9149 196.7510 196.3970 -48.8987 202.1700 9.4807 14.0238 -46.8446 -131.1962 -154.1108 -43.7887 21.7626
  70.6984 196.4070 197.3340 -48.0293 202.7540 11.7601 14.0415 -45.9309 -129.9057 -156.1016 -43.1340 21.1194
  69.8384 195.0930 188.3830 -79.8359 203.9290 -16.5849 25.0911 -75.7905 -155.3313 -133.1686 -71.4937 35.5300
  69.6284 194.7750 166.2360 -76.4769 181.9590 -19.3364 24.4422 -72.4658 -140.7087 -116.9603 -68.9872 32.9955
  68.5688 193.2710 113.8980 365.0190 -19.5173 381.8770 -126.3710 342.4460 287.1042 -252.5084 333.4308 -148.4669
  67.2792 191.6430 178.7660 847.4920 -154.8690 852.1830 -320.3700 784.6060 711.4685 -493.9522 780.9147 -329.2297
  66.6284 190.8920 127.3210 1283.6700 -388.5190 1230.0700 -505.5500 1179.9300 1138.8944 -605.7503 1187.2956 -487.9882
  66.4100 190.6500 84.1254 1339.6400 -457.5110 1261.9000 -534.6460 1228.3200 1209.8866 -581.2756 1241.4932 -503.3135
  66.1916 190.4130 40.9299 1363.7200 -513.9830 1263.8200 -551.4170 1247.2700 1249.8318 -547.1035 1265.1127 -509.1332
  65.9727 190.1790 -2.4143 1413.5400 -581.1640 1288.5400 -578.9620 1289.5300 1315.7747 -516.5420 1314.8886 -518.7878
  65.5339 189.7240 4.1112 1418.1000 -591.9060 1288.6700 -595.6370 1286.9400 1321.1237 -515.3985 1322.6068 -511.5641
  65.0938 189.2830 12.9417 1396.6200 -589.4430 1266.2000 -601.1240 1260.6300 1301.6651 -506.3379 1306.2449 -494.2336
  64.8733 189.0690 14.8333 1361.0700 -579.5130 1231.6300 -592.8650 1225.1600 1269.1992 -491.7933 1274.4075 -477.9044
  64.6524 188.8580 10.8246 1359.1200 -589.3080 1224.7600 -599.0240 1219.9900 1270.7749 -482.1194 1274.5338 -471.9685
  64.2100 188.4450 2.7931 1410.8200 -633.8110 1260.4400 -636.3040 1259.1800 1325.0822 -484.3283 1326.0358 -481.7031
  63.9884 188.2440 -1.2156 1413.4800 -645.8090 1257.3300 -644.7270 1257.8800 1331.5685 -474.1695 1331.1597 -475.3144
  63.5445 187.8520 -94.6792 1419.8400 -745.8180 1211.8800 -662.0620 1256.0300 1371.0894 -380.8002 1339.7392 -470.1380
  63.0998 187.4710 -206.0680 1394.8300 -845.6600 1128.2200 -664.4790 1226.3800 1382.4405 -277.2539 1312.8258 -471.2068
  62.8907 187.2890 -261.7620 1395.7000 -900.9480 1097.6300 -671.4710 1223.5600 1404.3265 -210.6218 1318.4487 -457.8954
  62.6717 187.1060 -279.3960 1421.5300 -935.0600 1106.5500 -690.8810 1242.3400 1435.8767 -192.4545 1346.0521 -457.0156
  62.0129 186.5740 -331.7220 1511.8800 -1044.0800 1142.6700 -756.9310 1308.7500 1539.3696 -161.7361 1434.8100 -476.5482
  61.7927 186.4020 -341.1280 1598.7000 -1102.4800 1206.9500 -808.1460 1379.3900 1625.0856 -176.9265 1518.2088 -500.8794
  61.5723 186.2320 -335.4700 1660.5600 -1135.9300 1256.8400 -847.4340 1428.0400 1682.8802 -194.7047 1579.0979 -513.7175
  61.3516 186.0650 -329.8130 1667.7800 -1141.8300 1259.5600 -859.1420 1429.4600 1688.4486 -198.5054 1587.1248 -512.3684
  61.1306 185.9000 -324.1360 1682.1300 -1151.4700 1268.3600 -874.5900 1436.8900 1701.2556 -200.8055 1603.0394 -509.7012
  60.4664 185.4170 -301.4210 1727.4600 -1177.5900 1299.3300 -922.7820 1460.3400 1738.8920 -226.3271 1649.1893 -514.0908
  60.2438 185.2600 -292.3570 1782.2600 -1206.7400 1343.7600 -960.4720 1501.3100 1787.2149 -260.3509 1698.7960 -539.0167
  60.0189 185.1000 -283.3240 1776.0000 -1203.3300 1336.5900 -965.5340 1490.6200 1779.2023 -262.4575 1694.2156 -532.7345
  59.7936 184.9420 -275.1270 1719.8200 -1173.1900 1287.2800 -943.1210 1438.1600 1724.2572 -245.7837 1642.8935 -508.6045
  59.5681 184.7870 -283.4850 1703.1400 -1178.1700 1262.1200 -941.9930 1418.9200 1710.9185 -231.9575 1627.2271 -502.8069
  59.3423 184.6330 -291.8710 1711.1300 -1196.6900 1257.4200 -954.4350 1420.2200 1722.0722 -218.2174 1637.2159 -497.4808
  59.1162 184.4820 -300.2290 1776.2600 -1247.2900 1299.8100 -999.0520 1468.6700 1786.9585 -228.0642 1699.8477 -515.3777
  58.8898 184.3320 -308.5860 1747.8800 -1245.3700 1264.6500 -991.2050 1439.6500 1763.0428 -204.8857 1674.6719 -500.5468
  58.4364 184.0380 -372.8380 1742.4900 -1308.9100 1209.1500 -1004.2200 1424.0200 1776.8438 -134.5470 1671.5282 -492.2014
  58.2094 183.8940 -415.0800 1679.1000 -1313.2400 1125.6500 -975.3680 1366.7600 1728.1811 -71.1032 1612.0897 -469.6180
  57.9821 183.7520 -457.3220 1634.6600 -1327.7500 1057.5100 -956.9960 1325.2500 1697.3755 -12.7892 1570.8489 -452.2590
  57.5270 183.4730 -492.6260 1297.7900 -1167.6300 750.7200 -771.4960 1043.5700 1383.0324 118.9925 1248.3317 -354.8597
  57.2991 183.3360 -469.0270 941.6310 -939.5800 473.1220 -563.9900 754.0460 1033.8617 194.3823 905.9208 -256.8574
  57.0711 183.2000 -445.4270 642.0680 -742.6260 243.2360 -387.4260 512.0080 737.8796 257.2737 618.6304 -171.8938
  56.8429 183.0670 -421.7470 588.1640 -692.3990 210.6900 -357.5040 467.0410 682.8912 239.7195 564.5228 -165.0754
  56.3921 182.7940 -422.2780 586.4710 -694.0410 201.4300 -361.5560 461.7630 680.4540 243.4109 563.5482 -162.3619
  56.1661 182.6600 -442.0830 537.0290 -679.9660 146.5710 -333.3850 421.0150 637.5328 278.1889 516.5159 -147.0077
  55.9399 182.5280 -461.9570 510.8480 -679.9060 109.9940 -319.3170 398.7510 616.8241 306.4273 491.7757 -138.2827
  55.7136 182.3980 -481.7620 483.0020 -678.3630 72.1774 -303.9650 375.3620 594.9977 333.7109 465.1185 -130.2135
  55.4870 182.2690 -478.5250 462.9480 -663.5360 55.0158 -293.3000 358.1850 574.5352 336.4760 445.9102 -124.4379
  55.2604 182.1410 -446.6410 463.8180 -639.8220 72.4098 -295.7990 357.2540 565.7526 307.4721 447.1728 -123.1402
  55.0336 182.0150 -414.8660 454.0990 -609.6020 81.8799 -291.4950 348.1900 546.9149 281.4282 438.2415 -118.9504
  54.3525 181.6450 -343.5280 442.9970 -549.6370 110.2580 -289.8410 335.0200 516.4889 217.9367 428.0723 -114.0177
  53.8980 181.4050 -340.1700 419.8060 -532.9140 89.1891 -278.0680 314.5080 492.0143 223.3259 406.2415 -105.8527
  53.6706 181.2880 -338.4900 369.9310 -498.8970 50.2628 -246.5150 275.8260 443.6110 233.7383 357.8647 -93.7109
  53.4431 181.1710 -339.9820 309.8960 -460.0200 2.0453 -207.7410 229.9540 385.0080 251.7777 300.0686 -77.4228
  53.2156 181.0560 -359.3060 169.1150 -379.3650 -117.4000 -114.0350 124.8830 257.1147 302.6350 163.2382 -44.1850
  51.4079 180.1220 -242.6710 83.0878 -230.7380 -112.0400 -58.5470 58.9562 140.8742 214.3525 80.4727 -20.6808
  50.7260 179.7930 -262.3810 4.7652 -186.6880 -184.4290 -3.4100 3.3286 68.6981 253.2727 4.6210 -1.1637
  50.4985 179.6860 -271.4620 19.1777 -202.4090 -181.9070 -13.7923 13.3250 85.1335 258.4795 18.5926 -4.7008
  50.2708 179.5790 -269.8750 5.9992 -190.8480 -190.9080 -4.3359 4.1460 70.8598 260.4753 5.8223 -1.4457
  50.0430 179.4740 -225.2750 -9.0113 -148.3050 -169.8100 6.5449 -6.1942 45.7891 220.7564 -8.7433 2.1814
  49.8152 179.3690 -180.6740 -14.3265 -113.0630 -141.6510 10.4555 -9.7944 29.0406 178.8993 -13.9157 3.4062
  49.5872 179.2660 -136.0740 -19.0659 -78.5381 -112.7440 13.9808 -12.9633 5.9665 137.2736 -18.7488 3.4630
  49.3434 179.1800 -91.3201 -20.5606 -46.5718 -81.1983 15.1528 -13.8972 -0.2685 93.6057 -20.0714 4.4586
  49.1103 179.0840 -66.4118 -24.2315 -26.6913 -65.4620 17.9429 -16.2855 -9.1899 70.0945 -23.6501 5.2761
  48.8771 178.9880 -57.6267 -24.9685 -19.9333 -59.5560 18.5752 -16.6849 -11.9325 61.6594 -24.3791 5.3929
  48.6438 178.8930 -48.8415 -27.9468 -11.5630 -55.0709 20.8869 -18.5676 -16.8309 53.6958 -27.2975 5.9890
  48.4105 178.7990 -40.0264 -31.0866 -3.0995 -50.5854 23.3396 -20.5340 -21.8754 45.7161 -30.3772 6.6030
  48.1770 178.7060 -31.2412 -35.5575 6.3008 -46.9111 26.8164 -23.3499 -28.1783 38.0307 -34.7596 7.4906
  47.9435 178.6140 -24.4870 -38.1838 12.9393 -43.4763 28.9248 -24.9270 -32.2265 31.9228 -37.3415 7.9760
  47.7100 178.5230 -17.9354 -40.4708 19.1524 -39.9092 30.7916 -26.2634 -35.8123 26.0201 -39.5717 8.4831
  47.4763 178.4320 -11.4059 -43.0838 25.5636 -36.5077 32.9212 -27.7921 -39.8273 20.0024 -42.1673 8.8392
  47.2427 178.3430 -4.8765 -43.8551 30.5267 -31.8618 33.6535 -28.1197 -41.9107 13.8037 -42.9150 9.0318
  47.0090 178.2540 0.8041 -44.7851 35.0240 -27.9225 34.5116 -28.5421 -44.0067 8.3521 -43.8427 9.1393
  46.7753 178.1660 3.9128 -42.4861 35.3543 -23.8843 32.8758 -26.9120 -42.3418 5.2485 -41.5064 9.0711
  46.5420 178.0750 7.0112 -38.3096 34.1790 -18.6704 29.7650 -24.1179 -38.8853 2.1708 -37.2407 8.9864
  46.3098 177.9770 10.1096 -34.1271 32.9471 -13.4666 26.6217 -21.3529 -35.5476 -1.7983 -33.1695 8.0276
  46.0773 177.8790 13.2081 -29.4865 31.3057 -7.9913 23.0927 -18.3353 -31.7374 -6.0534 -28.6920 6.7988
  45.8447 177.7830 19.7223 -26.2078 32.7924 -0.6889 20.6051 -16.1950 -30.0960 -13.0403 -25.4798 6.1342
  45.6119 177.6860 28.4836 -22.9247 35.5843 8.4034 18.0933 -14.0774 -28.8441 -22.4695 -22.3141 5.2555
  45.3789 177.5910 37.2450 -20.9726 39.3422 16.7102 16.6156 -12.7973 -28.8854 -31.5067 -20.4242 4.7645
  45.1457 177.4970 46.0361 -21.6874 45.1586 23.4599 17.2465 -13.1493 -31.6111 -39.8799 -21.1163 4.9440
  44.9124 177.4030 54.7974 -22.5627 51.0203 30.1456 18.0090 -13.5923 -34.3604 -48.2824 -21.9792 5.0979
  44.6790 177.3100 53.9817 -23.7670 51.3497 29.0189 19.0396 -14.2255 -35.3823 -47.1909 -23.1486 5.3862
  44.4454 177.2170 52.6455 -24.4638 50.9742 27.7787 19.6685 -14.5474 -35.5237 -45.9139 -23.8553 5.4222
  44.2116 177.1260 51.3044 -23.8189 49.5269 27.3234 19.2182 -14.0713 -34.6361 -44.7194 -23.2219 5.2992
  43.9778 177.0350 49.9682 -19.9919 45.5120 28.7255 16.1870 -11.7327 -30.5076 -44.3371 -19.5009 4.4037
  43.7438 176.9450 48.2292 -21.8398 45.8613 26.4532 17.7444 -12.7322 -31.9626 -42.2069 -21.2993 4.8287
  43.5098 176.8550 45.5455 -23.6797 45.6803 23.4186 19.3050 -13.7128 -33.0770 -39.2560 -23.1052 5.1845
  43.2757 176.7660 42.8523 -24.8464 44.9736 20.7616 20.3245 -14.2919 -33.5411 -36.4508 -24.2562 5.3835
  43.0414 176.6780 40.1687 -16.7633 36.7074 23.3901 13.7581 -9.5773 -24.8860 -35.7102 -16.3835 3.5483
  42.8173 176.5950 37.4850 -12.3081 31.4100 23.8752 10.1332 -6.9862 -19.9207 -34.0555 -12.0325 2.5901
  42.5910 176.5120 27.4803 -12.3382 25.6848 15.7380 10.1898 -6.9570 -17.8607 -24.2568 -12.0602 2.6043
  42.3646 176.4290 13.4762 -16.5792 21.2827 1.8776 13.7345 -9.2863 -19.0262 -9.7201 -16.2142 3.4595
  42.1381 176.3470 -0.4796 -15.9953 13.0242 -9.2979 13.2910 -8.8994 -15.5522 3.7693 -15.6512 3.3000
  41.9116 176.2660 -14.4354 -9.8945 0.2688 -17.4988 8.2463 -5.4680 -6.6947 16.1698 -9.6805 2.0465
  41.6849 176.1850 -28.4394 -2.4495 -13.5628 -25.1168 2.0475 -1.3445 3.5060 28.3286 -2.3961 0.5084
  41.4582 176.1040 -19.0315 2.6638 -12.6084 -14.5025 -2.2331 1.4522 6.5110 18.0804 2.6071 -0.5464
  41.2315 176.0240 -9.6235 3.2715 -7.9610 -6.3197 -2.7505 1.7713 5.1534 8.7611 3.2036 -0.6628
  41.0047 175.9450 -0.2156 1.0456 -0.9975 0.3805 -0.8816 0.5622 1.0676 0.0020 1.0245 -0.2092
  40.7778 175.8670 9.2244 -1.5081 6.2008 6.9938 1.2751 -0.8053 -3.3569 -8.7232 -1.4764 0.3074
  40.5509 175.7880 13.0633 -3.0531 9.5156 9.4564 2.5885 -1.6190 -5.5819 -12.1989 -2.9925 0.6052
  40.3240 175.7110 6.5830 -2.4197 5.5235 4.3223 2.0571 -1.2741 -3.6805 -5.9703 -2.3714 0.4812
  40.0971 175.6340 0.1027 -0.9446 0.8589 -0.4064 0.8052 -0.4939 -0.9461 0.0878 -0.9256 0.1885
  39.8702 175.5570 -6.4001 -0.4634 -2.9267 -5.7106 0.3960 -0.2406 0.8062 6.3661 -0.4543 0.0913
  39.6433 175.4810 -12.8804 -0.4769 -6.2310 -11.2831 0.4087 -0.2458 2.0356 12.7275 -0.4678 0.0927
  39.4164 175.4060 -14.2990 -1.1075 -6.3668 -12.8512 0.9514 -0.5668 1.6471 14.2469 -1.0870 0.2118
  39.1769 175.3290 -13.5211 -1.3504 -5.7045 -12.3330 1.1632 -0.6859 1.2983 13.5262 -1.3247 0.2620
  38.9441 175.2530 -12.7455 0.7463 -7.0703 -10.6309 -0.6445 0.3762 3.1715 12.3671 0.7325 -0.1428
  38.7112 175.1780 -11.9700 4.3005 -9.7132 -8.2114 -3.7233 2.1520 6.4813 10.9439 4.2233 -0.8112
  38.4781 175.1040 -11.1336 6.9703 -11.5795 -6.2014 -6.0498 3.4619 8.9815 9.5852 6.8402 -1.3406
  38.2449 175.0290 -9.0885 7.8068 -11.2724 -4.0595 -6.7925 3.8482 9.3645 7.4734 7.6699 -1.4557
  38.0116 174.9560 -7.0500 6.1457 -8.8090 -3.1424 -5.3602 3.0065 7.3550 5.7773 6.0375 -1.1485
  37.7781 174.8830 -5.0116 6.1610 -7.8192 -1.3905 -5.3863 2.9910 6.9912 3.7679 6.0518 -1.1549
  37.5446 174.8100 -2.9731 7.3538 -7.8765 0.9373 -6.4442 3.5427 7.7764 1.5642 7.2274 -1.3578
  37.3109 174.7380 -0.6049 9.0525 -8.2403 3.7961 -7.9511 4.3275 9.0079 -1.0820 8.8959 -1.6765
  37.0772 174.6660 2.2372 9.5900 -7.3813 6.5184 -8.4425 4.5490 9.0079 -3.9788 9.4233 -1.7806
  36.8434 174.5940 5.0792 7.4624 -4.1937 7.9937 -6.5842 3.5122 6.4076 -6.3584 7.3366 -1.3648
  36.6095 174.5230 7.9307 9.3499 -4.5644 11.3791 -8.2678 4.3662 7.7689 -9.4848 9.1971 -1.6838
  36.3755 174.4530 10.7728 12.0800 -5.7141 15.1436 -10.7052 5.5968 9.8931 -12.8104 11.8740 -2.2213
  36.1415 174.3820 11.0615 15.6517 -8.8159 17.0180 -13.9003 7.1943 13.4361 -13.6677 15.4024 -2.7823
  35.9074 174.3130 10.4952 15.7242 -9.2083 16.5108 -13.9942 7.1703 13.5572 -13.1758 15.4628 -2.8551
  35.6733 174.2430 9.9265 15.0549 -8.9360 15.6632 -13.4264 6.8104 13.1209 -12.3704 14.8301 -2.5921
  35.4439 174.1770 9.3602 14.6244 -8.8676 14.9282 -13.0687 6.5637 12.7387 -11.7987 14.3939 -2.5861
  35.2110 174.1090 9.3634 14.2052 -8.5508 14.7087 -12.7196 6.3245 12.3215 -11.7321 13.9805 -2.5168
  34.9779 174.0410 14.5117 13.5416 -5.7404 19.0003 -12.1494 5.9806 10.8072 -16.6484 13.3346 -2.3585
  34.7446 173.9740 19.6773 12.1549 -2.3064 23.0135 -10.9265 5.3248 8.5316 -21.4976 11.9681 -2.1227
  34.5113 173.9070 24.8257 10.6073 1.2335 26.9686 -9.5536 4.6090 6.0980 -26.2991 10.4435 -1.8567
  34.2779 173.8400 29.9740 6.8944 6.6966 30.0188 -6.2213 2.9713 1.6365 -30.7131 6.7917 -1.1857
  34.0443 173.7740 33.6775 3.5233 11.2097 31.9521 -3.1852 1.5060 -2.3371 -33.7806 3.4705 -0.6076
  33.8107 173.7080 35.5780 0.8268 14.3330 32.5736 -0.7489 0.3505 -5.2130 -35.2037 0.8149 -0.1401
  33.5770 173.6430 37.4784 0.4781 15.3222 34.2066 -0.4338 0.2010 -6.0209 -36.9947 0.4709 -0.0828
  33.3432 173.5770 39.3789 0.3019 16.1430 35.9192 -0.2744 0.1258 -6.2716 -38.8775 0.2976 -0.0504
  33.1094 173.5130 41.2855 -0.5334 17.5542 37.3715 0.4857 -0.2205 -7.5696 -40.5891 -0.5256 0.0910
  32.8755 173.4480 41.0337 -1.0811 17.8082 36.9838 0.9861 -0.4432 -8.0900 -40.2428 -1.0652 0.1851
  32.6418 173.3830 40.2461 -1.0888 17.3552 36.3281 0.9947 -0.4426 -8.5521 -39.3420 -1.0698 0.2024
  32.4088 173.3140 39.4585 0.2436 15.6823 36.2091 -0.2230 0.0982 -7.1118 -38.8131 0.2394 -0.0454
  32.1757 173.2450 38.6679 0.2979 15.1817 35.5642 -0.2731 0.1191 -6.7954 -38.0673 0.2928 -0.0546
  31.9426 173.1770 37.0217 -0.0080 14.6786 33.9875 0.0074 -0.0032 -6.8054 -36.3908 -0.0079 0.0015
  31.7093 173.1090 30.4236 -0.8084 12.6970 27.6593 0.7434 -0.3176 -6.2891 -29.7774 -0.7951 0.1460
  31.4760 173.0420 23.8025 0.4026 8.9013 22.0791 -0.3708 0.1568 -3.9958 -23.4682 0.3957 -0.0743
  31.2427 172.9740 17.2044 4.1278 2.8367 17.4638 -3.8076 1.5942 1.0016 -17.6643 4.0620 -0.7343
  31.0093 172.9080 10.6063 7.3590 -2.7375 12.6156 -6.7983 2.8175 5.3080 -11.7675 7.2364 -1.3379
  30.7759 172.8410 12.2432 10.9325 -5.4675 15.4765 -10.1144 4.1495 8.5693 -13.9994 10.7566 -1.9531
  30.5424 172.7750 22.2058 13.8446 -4.4722 25.7832 -12.8272 5.2091 9.6426 -24.3268 13.6206 -2.4802
  30.3090 172.7090 32.1346 16.0973 -2.9504 35.8198 -14.9358 6.0039 10.0682 -34.5020 15.8359 -2.8892
  30.0755 172.6430 42.0635 18.1913 -1.3511 45.8087 -16.9024 6.7255 10.4879 -44.6124 17.9062 -3.2082
  29.8420 172.5780 51.9923 18.7879 1.5726 55.2604 -17.4808 6.8851 9.3019 -54.4946 18.4921 -3.3209
  29.6085 172.5130 59.9722 20.0628 3.0918 63.1634 -18.6924 7.2876 9.1163 -62.5785 19.7452 -3.5557
  29.3751 172.4480 67.5745 20.0057 5.6647 70.2457 -18.6642 7.2027 7.9435 -70.0246 19.7006 -3.4807
  29.1416 172.3840 75.1768 19.3852 8.7172 77.1450 -18.1090 6.9174 7.2223 -77.2993 19.1401 -3.0731
  28.9004 172.3230 82.7792 18.0015 12.4289 83.7972 -16.8388 6.3647 4.2416 -84.6077 17.7598 -2.9397
  28.6606 172.2610 88.7660 17.6228 14.5910 89.3144 -16.5060 6.1737 3.1855 -90.4423 17.3955 -2.8211
  28.4207 172.2000 88.1333 17.4848 14.1941 88.7228 -16.3977 6.0691 3.1184 -89.7968 17.2583 -2.8052
  28.1808 172.1390 87.5007 19.1190 12.1395 88.7387 -17.9528 6.5752 4.8070 -89.4360 18.8704 -3.0729
  27.9408 172.0780 86.8656 19.2577 11.4924 88.2293 -18.1053 6.5617 5.3337 -88.8147 19.0173 -3.0336
  27.7008 172.0180 86.2330 19.2368 11.0021 87.6649 -18.1076 6.4938 5.3882 -88.1882 18.9958 -3.0356
  27.4607 171.9580 87.0570 18.8897 11.3126 88.3616 -17.8020 6.3173 4.8852 -88.9487 18.6520 -2.9871
  27.2206 171.8980 89.0737 22.3938 8.3823 91.4623 -21.1291 7.4194 7.9955 -91.4969 22.1108 -3.5487
  26.9805 171.8380 91.0970 26.0731 5.2709 94.6081 -24.6288 8.5577 11.6171 -94.0400 25.7571 -4.0470
  26.7404 171.7790 93.1137 29.0921 2.7637 97.5134 -27.5114 9.4590 14.2552 -96.5054 28.7380 -4.5250
  26.5003 171.7200 95.1304 28.9464 3.2365 99.3841 -27.4039 9.3233 13.7660 -98.4794 28.5927 -4.5115
  26.2602 171.6610 98.3375 28.8090 4.0718 102.3900 -27.3033 9.1917 13.0980 -101.6300 28.4555 -4.4991
  26.0201 171.6020 101.6930 28.6795 4.9300 105.5440 -27.2095 9.0640 12.7966 -104.8820 28.3424 -4.3842
  25.7800 171.5440 105.0370 28.5583 5.7597 108.6970 -27.1228 8.9404 11.7291 -108.2163 28.2048 -4.4795
  25.5400 171.4850 108.3810 28.4467 6.5637 111.8590 -27.0445 8.8211 11.8789 -111.4206 28.1253 -4.2642
  25.3000 171.4280 111.5970 29.5133 6.1905 115.2670 -28.0866 9.0651 7.1032 -115.2149 28.9426 -5.7757
  25.0765 171.3620 114.3860 30.0811 6.1697 118.1140 -28.6533 9.1577 10.2022 -117.8344 29.6434 -5.1126
  24.8437 171.3010 117.1760 32.0049 4.8282 121.3720 -30.5144 9.6533 11.6030 -120.9128 31.5383 -5.4450
  24.6107 171.2400 119.9650 32.2786 5.0454 124.1300 -30.8037 9.6458 11.8464 -123.6656 31.8277 -5.3763
  24.3775 171.1800 122.7640 33.0767 4.7513 127.0530 -31.5939 9.7926 12.1287 -126.5621 32.6130 -5.5191
  24.1443 171.1200 127.4780 35.5527 3.4011 132.2990 -33.9891 10.4278 13.2620 -131.6767 35.0305 -6.0711
  23.9109 171.0590 133.4680 38.5391 1.9064 138.9080 -36.8762 11.1985 15.6654 -138.0346 37.9959 -6.4480
  23.6775 170.9990 139.4580 41.5330 0.3704 145.5110 -39.7750 11.9560 18.1339 -144.3769 40.9723 -6.8017
  23.4440 170.9400 145.4680 41.6962 1.5198 151.3190 -39.9647 11.8909 16.7033 -150.4012 41.1054 -6.9945
  23.2104 170.8800  42.5319   -40.7993 12.0158   41.9547 -6.9833
  22.9767 170.8210  43.5454   -41.8053 12.1871   42.9524 -7.1617
  22.7430 170.7620  44.3986   -42.6581 12.3094   43.7925 -7.3112
  22.5092 170.7030  44.0933   -42.3976 12.1102   43.4894 -7.2729
  22.2754 170.6440  44.6296   -42.9460 12.1425   44.0168 -7.3702
  22.0415 170.5850  43.6699   -42.0539 11.7699   43.0959 -7.0571
  21.8076 170.5270  43.2196   -41.6507 11.5391   42.6497 -6.9954
  21.5737 170.4690  42.8779   -41.3511 11.3404   42.0269 -8.5002
  21.3423 170.4020 146.4260 42.2494 -2.4060 152.3810 -40.7733 11.0704 16.0888 -151.5478 41.6031 -7.3618
  21.1090 170.3410 140.2590 42.2955 -4.4386 146.4300 -40.8458 10.9787 17.1695 -145.4878 41.6465 -7.3811
  20.8757 170.2800 138.6700 41.2452 -4.2005 144.6130 -39.8583 10.6059 16.9434 -143.6783 40.6386 -7.0478
  20.6423 170.2200 139.5840 40.8289 -3.9249 145.3800 -39.4820 10.4006 16.3397 -144.5120 40.2266 -6.9870
  20.4089 170.1600 140.4990 38.0816 -1.3937 145.5620 -36.8491 9.6100 13.4393 -144.9468 37.5182 -6.5265
  20.1755 170.1000 141.4160 37.5213 -0.9765 146.3060 -36.3299 9.3801 12.7301 -145.7542 36.9662 -6.4305
